74 45
3900 3900 3900 3900 3900 3900 3900 3900 3900 3900 3900 3900 3900 3900 3900 3900 3900 3900 3900 3900 3900 3900 3900 3900 3900 3900 3900 3900 3900 3900 3900 3900 3900 3900 3900 3900 3900 3900 3900 3900 3900 3900 3900 3900 3900 
7800 3900 3900 3900 3900 3900 3900 3900 3900 3900 3900 3900 3900 3900 3900 3900 3900 3900 3900 3900 3900 3900 3900 3900 3900 3900 3991 4187 5487 5210 5356 5193 5248 5096 5211 5263 5170 5161 5176 5165 5008 5026 5017 5016 5016 
7800 3900 3900 3900 3900 3900 3900 3900 3900 3900 3900 3900 3900 3900 3900 3900 3900 3900 3900 3900 3900 3926 4251 4411 5121 5374 5672 6203 5675 5509 5512 5411 5357 5350 5346 5681 5673 5660 5667 5416 5224 5225 5230 5227 5225 
7800 3900 3900 3900 3900 3900 3900 3900 3900 3900 3900 3900 3900 3900 3900 3900 3900 3900 3952 4162 5160 5744 5557 5795 5616 6138 5876 5956 5738 5700 5558 5421 5419 5361 5363 5378 5687 5682 5440 5236 5227 5227 5229 5230 5230 
7800 3900 3900 3900 3900 3900 3900 3900 3900 3900 3900 3900 3900 3900 3900 3900 3903 4435 5661 5855 5663 5859 5831 5743 5808 5764 6032 5880 5811 5579 5424 5420 5362 5361 5361 5363 5378 5440 5236 5227 5227 5227 5227 5232 5230 
7800 3900 3900 3900 3900 3900 3900 3900 3900 3900 3900 3900 3900 3900 3900 4093 5861 6599 5135 6102 5809 5823 5816 5799 5748 5770 5767 5822 5743 5541 5424 5368 5362 5361 5361 5361 5363 5236 5227 5227 5227 5227 5229 5230 5238 
7800 3900 3900 3900 3900 3900 3900 3900 3900 3900 3900 3900 3900 3900 4394 6840 5375 5512 5403 5154 5812 5809 5801 5749 5750 5761 6081 6510 6018 5902 6136 5617 5369 5361 5361 5361 5236 5227 5227 5227 5227 5227 5232 5558 5849 
7800 3900 3900 3900 3900 3900 3900 3900 3900 3900 3900 3900 3900 4224 6680 4873 5780 5502 5163 5155 5154 5801 5749 5749 5758 6423 6821 7147 7434 7410 6712 6488 5880 5367 5361 5236 5227 5227 5227 5227 5227 5230 6161 6195 6522 
7800 3900 3900 3900 3900 3900 3900 3900 3900 3900 3900 3900 3957 6471 5170 5199 4909 5165 5155 5154 5154 5154 5749 5752 6091 6821 9689 9802 7992 7609 9680 8924 6488 5609 5241 5227 5227 5227 5227 5227 5231 5963 5950 9807 8870 
7800 3900 3900 3900 3900 3900 3900 3900 3900 3900 3900 4476 6600 5315 5434 4913 4911 4909 5154 5154 5154 5154 5154 5764 6564 7363 9792 7992 8339 7815 7609 9680 6752 6100 5245 5231 5227 5227 5227 5228 5362 6208 8589 7806 7915 
7800 3900 3900 3900 3900 3900 3900 3900 3900 3900 5401 6561 5203 5570 4919 4911 4909 4909 4909 5154 5154 5154 5156 5313 6276 8547 7994 8722 9720 10289 7815 7505 7951 5742 5369 5231 5227 5227 5227 5230 5705 6184 9112 7858 8465 
7800 3900 3900 3900 3900 3900 3900 3900 3900 5699 6378 5420 5425 4925 4911 4909 4909 4909 4909 4909 5154 5154 5157 5389 5734 7932 8373 9693 11402 9556 9455 8018 7305 5761 5397 5231 5227 5227 5227 5230 5788 6623 8136 8008 9808 
7800 3900 3900 3900 3900 3900 3900 3900 4751 6547 5637 5560 4928 4913 4909 4909 4909 4909 4909 4909 4909 5154 5155 5223 6136 7494 9271 8373 11311 11405 8079 8894 7388 6170 5295 5232 5227 5227 5227 5230 5802 6636 9489 8045 8189 
7800 3900 3900 3900 3900 3900 3900 3909 6407 5638 5738 4933 4914 4909 4909 4909 4909 4909 4909 4909 4909 4909 5154 5157 5892 6978 11394 8962 8381 8098 8663 11288 6948 5984 5242 5227 5227 5227 5227 5228 5387 6824 9435 9528 8045 
7800 3900 3900 3900 3900 3900 3900 5011 5615 5880 4937 4915 4910 4909 4909 4909 4909 4909 4909 4909 4909 4909 4909 5155 5199 7190 7771 11668 10447 10400 11430 7676 7301 5267 5229 5227 5227 5227 5227 5227 5232 6153 7446 11753 10385 
7800 3900 3900 3900 3900 3900 3900 4845 6159 5016 4916 4910 4909 4910 4909 4909 4909 4909 4909 4909 4909 4909 4909 4910 5159 5239 8165 8613 11239 11208 8628 8297 5298 5234 5227 5227 5227 5227 5227 5227 5231 5236 7225 8311 10260 
7800 3900 3900 3900 3900 3900 3900 4463 6086 5198 4999 4944 4951 4955 4959 4955 4921 4929 4910 4909 4909 4909 4909 4909 4912 5162 5255 8459 9231 9203 8653 5304 5238 5227 5227 5228 5228 5227 5227 5227 5229 5233 5243 7640 8956 
7800 3900 3900 3900 3900 3900 3900 4184 5340 6116 5804 5175 5350 5524 5485 5491 5246 5194 5072 5018 4930 4910 4910 4910 4910 4913 5164 5262 8467 8661 5310 5239 5228 5228 5229 5260 5290 5284 5283 5284 5280 5286 5260 5248 7643 
7800 3900 3900 3900 3900 3900 3904 6144 4276 6790 7112 5844 6268 6311 6350 6162 6014 5968 6081 5803 5258 5046 5021 5018 5032 5029 5028 5279 5388 5424 5360 5339 5333 5339 5385 5716 5807 5790 5797 5788 5798 5810 5519 5378 5361 
7800 3900 3900 3900 3900 3900 4932 4819 5867 4302 5869 6833 6093 6543 6168 6015 6042 6060 6087 6200 6248 5798 5776 5776 5771 5777 5779 5774 6033 6109 6090 6079 6084 6087 6172 6443 6583 6650 6648 6640 6637 6493 6438 6134 6107 
7800 3900 3900 3900 3900 3900 5112 4965 4845 4308 4317 6335 6197 6561 6029 6016 6015 6042 6063 6101 5905 6094 6082 6072 6076 6070 6073 6078 6079 6336 6374 6465 6485 6480 6525 6228 6458 6603 6659 6656 6512 6450 6349 6464 6148 
7800 3900 3900 3900 3900 4161 5439 5658 4537 4310 4313 4913 6243 7350 6651 6465 6070 6035 6062 5906 5908 5905 6072 6072 6070 6074 6074 6076 6081 6083 6342 7077 7387 7373 7096 7037 7077 7234 7382 7294 7234 7129 7284 6326 6106 
7800 3900 3900 3900 3900 5440 4286 5442 4320 4310 4319 4787 5580 6405 6517 6421 7301 6790 6787 6884 6608 6239 6302 6269 6151 6088 6079 6074 6076 6088 6679 7314 7090 7097 7037 7038 7038 7078 7234 7234 7129 7131 6595 7019 6229 
7800 3900 3900 3900 4411 5457 5401 4630 4312 4310 4334 5318 5689 7138 7552 7917 7316 7161 7454 7045 7154 6921 6746 6311 7231 6951 6575 6099 6083 6079 6097 7385 8015 7934 7931 7926 7941 7855 7898 7950 7952 7347 7449 6376 6109 
7800 3900 3900 3900 4871 4662 5627 4327 4311 4316 4777 4920 6846 5689 7553 8949 7451 7333 7118 7373 6972 6976 7509 6452 7255 7621 6651 6987 6852 6515 6520 6675 7972 8560 8622 8509 8080 8100 8098 8141 7583 7349 6379 6162 6112 
7800 3900 3900 4014 6505 4729 5261 4330 4323 4394 5491 4899 6615 5689 6928 8729 7344 7256 7385 6991 7148 8504 7484 8178 6988 7776 7698 7823 6590 6600 6568 6573 6731 8025 8554 8229 8196 8117 8134 7617 7621 7044 6683 6295 6737 
7800 3900 4081 6546 5293 5450 6025 4472 4856 5579 5748 4925 7716 6170 7129 7701 7344 7266 7114 7173 7867 9331 9634 8013 7124 9156 8281 7079 7754 7364 7392 7396 7397 7617 9003 9145 8551 8548 8048 8052 7839 7000 6446 6502 6365 
7800 4058 5637 5285 5515 5408 5102 5462 5598 5218 5042 5129 5610 8062 6967 7645 7347 7183 7177 7387 8524 8410 8887 7156 7954 8492 7080 7079 7079 7364 7364 7392 7396 7397 7617 8566 8654 8139 8139 7928 7144 7287 7257 6749 7328 
7958 4365 5544 5687 5291 5104 5246 5437 5421 5111 5049 5081 5262 6416 6981 7230 7261 7254 7438 7291 8702 10586 9742 8706 7325 9321 7600 7079 7079 7079 7364 7364 7392 7396 7397 7617 8139 8139 7928 7144 7144 7144 6749 6749 6749 
8265 5669 5540 5397 5105 5104 5173 5248 5183 5053 5050 5049 5105 5820 6553 8529 7358 7513 7655 7563 7591 10937 9503 9732 8065 8274 8295 7141 7079 7079 7079 7364 7364 7392 7396 7397 7617 7928 7144 7144 7144 6749 6749 6749 6749 
9569 7334 5791 5115 5104 5105 5180 5183 5142 5054 5051 5051 5052 5265 6973 7599 8863 7880 7779 8094 7590 8673 10644 9155 9933 9070 8454 7091 7079 7079 7079 7079 7364 7364 7392 7396 7397 7144 7144 7144 6749 6749 6749 6749 6771 
11234 7015 5215 5104 5104 5106 5232 5307 5318 5256 5078 5054 5052 5177 6343 7064 8802 7784 8219 7737 7807 8783 9925 9265 10561 9815 7573 7079 7079 7079 7079 7079 7079 7364 7364 7392 7144 7144 7144 6749 6749 6749 6749 6749 6803 
10915 6263 5164 5105 5104 5106 5283 5960 6530 5583 5422 5113 5053 5202 6235 6492 9672 8703 8171 8641 8944 10530 9021 9265 9369 8037 7079 7079 7079 7079 7079 7079 7079 7079 7364 7144 7144 7144 6749 6749 6749 6749 6749 6749 6749 
10163 6215 5161 5104 5107 5107 5474 6493 6111 7547 6461 5346 5114 5301 6375 6936 6695 9771 9231 9551 10112 9192 9021 9021 8037 7079 7079 7079 7079 7079 7079 7079 7079 7079 7079 7144 7144 6749 6749 6749 6749 6749 6749 6749 6749 
10115 6193 5171 5104 5105 5108 5189 6791 7609 6233 6740 7175 5511 6492 7404 6586 6695 6712 9442 9241 9192 9021 9021 8037 7079 7079 7079 7079 7079 7079 7079 7079 7079 7079 7079 7079 6749 6749 6749 6749 6749 6749 6749 6749 6749 
10093 6208 5168 5104 5105 5106 5116 5541 8115 6617 6249 6584 6718 7182 6703 6586 6586 6695 6712 9192 9021 9021 8037 7079 7079 7079 7079 7079 7079 7079 7079 7079 7079 7079 7079 6749 6749 6749 6749 6749 6749 6749 6749 6749 6749 
10108 6248 5174 5104 5104 5105 5108 5146 6845 7595 6249 6265 6856 6705 6586 6586 6586 6586 6695 6712 9021 8037 7079 7079 7079 7079 7079 7079 7079 7079 7079 7079 7079 7079 6749 6749 6749 6749 6749 6749 6749 6749 6749 6749 6749 
10148 7133 5327 5110 5104 5104 5105 5111 5341 8316 7309 6261 6265 6586 6586 6586 6586 6586 6586 6695 6712 7079 7079 7079 7079 7079 7079 7079 7079 7079 7079 7079 7079 6749 6749 6749 6749 6749 6749 6749 6749 6749 6749 6749 6749 
11033 7017 6217 5174 5105 5104 5104 5107 5118 5655 7922 8304 6272 6265 6586 6586 6586 6586 6586 6586 6695 6712 7079 7079 7079 7079 7079 7079 7079 7079 7079 7079 6749 6749 6749 6749 6749 6749 6749 6749 6749 6749 6749 6749 6749 
10917 6998 7017 5330 5109 5104 5104 5105 5107 5130 5950 7719 9141 6268 6265 6586 6586 6586 6586 6586 6586 6695 6712 7079 7079 7079 7079 7079 7079 7079 7079 6749 6749 6749 6749 6749 6749 6749 6749 6749 6749 6749 6749 6749 6749 
10898 7002 7195 6233 5243 5113 5106 5145 5190 5173 5222 6158 8496 7758 6265 6265 6586 6586 6586 6586 6586 6586 6695 6712 7079 7079 7079 7079 7079 7079 6749 6749 6749 6749 6749 6749 6749 6749 6749 6749 6749 6749 6749 6749 6749 
10902 7002 6502 7292 5901 5370 5352 5822 6151 6156 6217 6102 8652 7778 6265 6265 6265 6586 6586 6586 6586 6586 6586 6695 6712 7079 7079 7079 7079 6749 6749 6749 6749 6749 6749 6749 6749 6749 6749 6749 6749 6749 6749 6749 6749 
10902 6502 6502 6333 6696 6575 6573 7007 7222 7507 7458 7470 7615 6288 6265 6265 6265 6265 6586 6586 6586 6586 6586 6586 6695 6712 7079 7079 6749 6749 6749 6749 6749 6749 6749 6749 6749 6749 6749 6749 6749 6749 6749 6749 6749 
10402 6502 6333 6333 6511 6934 6971 6612 7007 7222 7458 7458 6311 6265 6265 6265 6265 6265 6265 6586 6586 6586 6586 6586 6586 6695 6712 6749 6749 6749 6749 6749 6749 6749 6749 6749 6749 6749 6749 6749 6749 6749 6749 6749 6749 
10402 10233 10233 10233 10233 10411 10512 10512 10512 10907 11122 10211 10165 10165 10165 10165 10165 10165 10165 10165 10486 10486 10486 10486 10486 10486 10595 10612 10649 10649 10649 10649 10649 10649 10649 10649 10649 10649 10649 10649 10649 10649 10649 10649 10649 
